398 939
204 332
184 818
467 292
166 666
280 767
549 686
71 872
481 650
422 435
819 414
181 223
921 459
806 920
864 803
483 862
136 855
42 751
891 126
510 799
801 691
967 816
171 695
142 812
829 626
135 50
996 737
369 866
124 991
694 59
911 940
900 907
200 81
980 187
806 381
264 478
755 963
389 188
267 662
157 823
645 363
948 213
116 5
742 907
90 671
194 458
554 526
431 379
249 847
516 115
282 165
693 912
783 377
860 679
405 939
955 762
773 386
908 72
333 230
409 373
433 591
588 941
928 298
826 90
649 301
736 329
718 550
828 101
640 433
927 984
535 727
373 530
818 843
130 785
693 918
98 768
174 972
839 700
243 523
153 228
654 199
676 36
684 900
873 993
995 697
623 180
314 54
900 139
253 125
958 670
839 936
936 886
441 427
763 403
514 426
349 1
329 791
369 124
80 446
891 963
844 310
410 232
275 212
82 181
875 408
13 462
455 60
880 654
709 294
124 750
276 168
513 466
305 996
543 83
924 210
425 376
902 530
802 913
786 72
7 647
521 261
531 94
356 671
938 404
837 173
109 824
733 275
937 437
821 655
224 7
562 293
229 905
163 554
199 369
208 56
521 189
287 742
79 878
445 205
671 361
186 74
120 218
862 420
372 924
426 936
991 821
510 661
589 491
49 19
292 225
942 192
474 848
705 166
289 870
916 221
767 577
517 670
88 224
322 889
678 335
54 558
113 886
115 258
646 702
966 580
147 888
642 354
648 75
481 674
980 598
670 730
241 875
629 194
28 528
558 592
447 269
680 324
462 848
285 767
937 402
496 765
665 156
277 492
427 543
47 634
368 799
977 508
807 700
271 650
767 11
305 280
992 678
911 397
729 837
122 622
316 832
184 238
564 746
505 936
981 482
443 832
46 238
203 464
464 843
290 990
93 24
544 130
671 804
743 963
122 751
646 455
28 35
158 673
964 585
135 221
637 17
877 468
607 319
70 564
856 56
771 624
727 234
0 563
820 111
966 820
369 221
833 812
147 931
464 184
805 150
623 645
601 257
259 660
436 469
417 875
154 780
263 731
64 362
956 676
918 402
905 487
325 580
713 616
402 526
491 694
66 272
312 404
967 413
634 196
851 469
410 600
770 909
394 642
93 345
403 888
971 675
920 956
518 998
758 534
445 311
793 57
713 276
111 518
694 708
987 23
964 622
531 888
431 448
99 694
366 379
450 590
165 247
581 111
686 207
842 208
783 107
402 815
750 191
247 141
271 913
190 529
901 367
63 203
873 237
609 361
551 391
378 337
971 172
889 500
930 554
881 704
263 528
372 11
14 58
887 127
187 57
535 743
828 812
16 905
586 237
297 421
626 387
124 373
278 625
747 208
819 611
645 239
418 231
220 549
762 264
247 541
447 667
345 128
458 829
243 264
473 506
99 785
317 109
89 245
868 170
145 251
416 910
516 702
561 989
979 939
977 508
517 375
408 615
644 409
751 787
571 58
782 877
174 490
174 247
123 603
614 840
680 207
627 10
277 522
829 530
298 211
479 732
72 525
166 30
232 262
125 150
363 310
327 844
404 263
743 129
522 608
301 49
51 206
739 976
23 946
203 132
107 597
569 269
632 380
869 564
513 389
665 895
405 857
388 302
22 57
350 595
942 842
91 497
903 242
182 674
430 666
872 544
959 964
192 474
923 754
115 554
979 981
472 767
924 889
399 842
896 487
404 683
205 511
174 87
446 865
821 610
32 298
877 564
850 593
763 166
626 120
77 713
511 133
291 67
651 797
896 904
384 586
51 633
62 763
778 920
545 50
455 155
990 684
609 399
887 26
824 963
842 415
595 333
902 280
515 674
89 491
522 959
775 455
99 887
804 930
181 352
384 298
734 195
960 849
997 910
819 992
357 535
426 391
916 644
80 919
947 286
308 238
149 428
502 884
719 916
830 427
852 532
349 496
876 604
333 553
974 904
74 485
99 124
239 282
713 784
301 923
177 881
213 141
76 872
723 975
123 187
234 766
726 492
522 727
962 229
279 657
608 407
976 415
10 191
466 350
896 511
852 886
612 992
588 532
344 15
601 825
780 620
808 265
67 336
862 344
542 880
52 875
67 848
863 92
562 980
506 425
273 624
536 233
785 28
830 8
715 962
415 634
3 18
162 898
571 425
470 255
690 78
473 655
402 355
229 927
739 189
325 654
911 481
329 767
257 421
610 362
445 182
679 697
469 679
263 732
424 45
220 957
58 145
15 383
388 71
802 37
745 519
586 656
577 695
707 162
441 853
232 42
744 184
392 125
10 628
207 19
481 660
703 601
610 169
98 460
547 35
478 759
574 146
321 659
581 523
474 495
875 603
745 113
246 905
512 800
368 815
761 443
19 665
772 651
426 619
235 45
213 152
260 216
285 659
502 682
207 924
703 47
286 288
327 369
498 744
902 585
805 533
204 558
710 878
502 304
170 726
950 450
445 796
623 805
279 982
138 636
828 983
874 199
354 647
832 64
415 643
913 281
113 941
214 930
970 330
425 950
427 766
819 679
578 801
784 855
171 71
467 562
140 860
73 594
569 706
720 617
922 629
55 288
869 628
38 108
69 421
68 953
316 269
317 671
352 185
773 432
184 944
680 830
322 42
686 427
261 680
668 979
126 540
284 660
305 80
191 802
528 593
313 662
947 537
220 605
472 51
166 98
886 228
386 339
769 806
205 154
805 251
3 53
582 676
892 237
363 423
421 326
280 573
257 817
767 153
714 691
350 260
882 559
742 369
365 269
833 82
929 403
205 374
617 97
340 778
594 891
437 713
136 611
933 288
135 291
3 642
628 525
587 466
598 560
255 133
616 750
787 134
119 267
744 808
266 834
262 785
19 321
989 208
921 40
550 32
492 412
464 183
410 637
674 654
671 354
806 728
402 56
135 394
1 36
692 66
806 477
988 797
902 240
692 949
70 980
606 867
105 747
933 40
814 550
55 933
363 204
162 998
873 823
135 116
701 249
344 867
252 140
407 363
680 214
429 91
368 537
250 813
31 434
431 606
309 564
971 717
605 792
363 426
837 406
991 230
561 449
410 425
773 276
267 599
493 201
28 343
832 796
923 450
397 804
301 320
232 359
549 628
368 715
171 969
990 755
819 883
447 666
782 983
576 426
55 574
711 537
112 617
177 664
903 734
432 877
869 110
138 457
440 125
370 562
993 732
648 847
433 813
870 189
32 863
864 65
105 243
89 99
710 9
402 191
50 250
200 917
731 137
391 499
813 233
451 696
640 12
119 476
374 744
479 710
483 850
263 371
163 490
535 208
827 841
237 929
728 169
931 128
973 752
326 692
543 456
963 711
31 167
951 299
678 96
698 52
199 30
693 405
694 434
881 329
789 523
474 824
220 267
968 656
331 939
10 786
633 369
366 200
439 912
857 372
777 918
341 822
457 745
383 127
290 750
897 324
640 171
211 353
147 938
480 807
288 528
859 504
49 53
375 261
887 36
928 535
555 922
457 250
246 467
44 960
963 540
791 349
307 450
130 551
635 677
151 615
208 270
541 526
283 847
676 861
881 902
45 729
307 899
148 533
673 251
399 667
102 285
578 920
755 919
375 1
217 761
235 489
979 629
838 356
422 349
280 12
303 946
42 863
912 557
221 80
484 821
777 645
520 112
582 30
831 78
589 77
966 156
145 418
457 382
99 959
916 674
214 72
244 422
804 233
982 556
102 135
841 913
521 510
167 174
254 706
659 704
740 975
66 727
162 715
456 834
670 833
322 155
290 231
528 915
97 210
791 844
382 697
58 90
321 702
399 653
51 112
169 44
199 106
201 66
893 437
210 395
356 81
441 250
164 72
114 938
137 363
267 783
354 575
387 576
40 85
525 131
215 202
972 822
368 181
349 808
783 26
20 343
234 104
405 855
444 600
375 974
280 766
246 989
852 808
215 846
924 209
325 578
700 71
871 223
277 389
903 410
993 926
962 908
395 390
962 175
428 51
441 339
891 779
478 182
559 120
357 46
435 47
616 966
1 418
825 13
542 462
367 676
358 453
302 706
240 536
313 253
882 580
858 507
800 532
461 0
613 563
958 32
140 195
770 262
798 805
631 164
206 745
58 852
965 21
222 772
961 372
498 494
260 703
412 530
511 102
427 986
821 951
262 983
301 37
82 158
174 868
370 185
359 298
772 607
401 775
55 781
547 392
456 194
300 332
397 197
296 83
931 825
279 287
860 377
962 535
814 179
585 781
402 777
73 280
112 686
758 401
88 269
372 132
941 481
601 749
648 358
439 895
105 483
553 316
362 676
422 748
840 683
763 177
286 339
365 933
865 390
143 800
816 321
183 208
857 211
77 138
92 220
499 660
483 315
385 503
9 0
559 221
208 621
900 964
168 476
967 235
541 744
929 281
946 647
211 57
316 152
46 284
444 870
473 655
648 921
613 974
592 855
603 341
992 586
88 812
989 869
535 256
276 919
201 662
549 510
567 787
489 889
462 497
427 855
869 375
620 685
436 794
802 963
192 610
653 755
222 273
960 587
742 404
500 290
725 621
788 188
551 104
306 280
330 894
570 59
711 939
375 56
549 289
929 790
639 11
561 341
861 50
729 166
384 646
199 877
38 400
252 361
557 984
984 42
967 90
506 969
478 968
571 923
850 530
951 344
290 676
238 453
745 25
495 330
397 563
233 967
466 821
635 520
97 967
210 121
585 638
155 562
100 684
655 312
962 706
608 994
119 71
363 121
307 447
207 836
416 237
731 478
637 440
795 970
731 502
122 183
91 184
521 552
493 546
982 246
931 751
176 206
663 148
249 361
129 269
35 499
848 886
570 31
688 747
578 893
806 641
689 511
201 928
783 677
647 957
746 819
96 148
251 795
244 781
455 520
325 506
553 398
558 186
903 786
97 829
331 362
145 937
703 618
808 233
651 600
963 725
837 312
222 62
151 547
13 183
156 945
77 989
891 10
80 87
258 670
799 925
154 562
182 464
584 129
552 458
837 928
14 408
456 450
928 420
45 922
235 115
561 963
530 178
566 769
837 974
282 76
699 670
143 284
982 922
532 531
125 300
881 692
247 415
155 889
998 955
350 528
57 690
457 879
166 819
163 195
570 49
494 176
820 182
852 34
297 306
864 471
69 529
428 846
16 562
525 844
354 738
332 802
239 523
282 569
911 835
894 757
771 859
208 259
796 147
406 254
889 315
353 315
212 664
606 838
777 425
382 565
645 506
147 552
787 257
943 55
12 775
192 988
538 967
927 801
119 8
221 965
677 656
363 142
244 93
488 7
578 221
944 430
140 935
932 198
150 953
148 154
526 40
232 716
45 89
105 909
971 195
719 72
494 592
119 158
627 562
179 253
557 204
281 691
954 143
401 78
566 757
863 489
229 560
227 594
53 141
881 690
899 510
771 166
896 331
431 380
53 883
988 693
477 162
325 799
993 420
886 556
672 803
614 959
857 556
867 909
121 583
368 854
660 512
288 433
104 186
604 844
444 525
264 278
911 699
72 511
174 370
921 828
759 232
132 484
361 314
4 893
374 511
135 29
291 914
538 178
343 821
641 320
840 423
704 408
908 106
10 347
252 870
446 198
67 587
442 547
351 726
370 117
312 578
306 821
644 890
421 396
504 205
613 564
261 909
940 469
288 638
737 624
649 772
484 954
662 721
690 706
615 687
556 948
190 482
803 413
683 668
109 266
933 446
712 890
526 206
113 481
711 947
459 375
196 248
620 731
498 421
151 910
458 81
624 289
795 624
682 96
692 213
169 737
988 865
455 293
735 99
968 597
698 904
709 547
892 633
114 656
52 379
143 523
371 670
257 879
681 547
202 943
350 434
809 652
412 890
7 426
241 44
552 39
695 45
768 857
659 669
205 525
366 178
879 161
678 852
64 931
926 892
852 58
282 731
402 550
853 191
912 73
907 124
743 348
491 416
601 887
80 768
382 534
193 393
714 741
30 941
999 191
692 264
896 743
177 854
431 1
846 573
661 138
815 161
832 102
751 183
351 221
164 754
346 735
839 402
609 352
251 288
788 79
340 33
399 110
441 60
962 652
654 849
600 917
504 189
527 68