596888576656868667471716589798466899079667685679081787074746884797381737474677875878190826683
3128589857779806870817190867769698274728683818868678669658479728285668575757584888979806972
75185856677768088888488808072897881766873848774827181897566667483686688837272858268818683
2857766718176717386718877796870836566827789887373757684708668697483747489656669
109818282687465687089796679887078797686877479878286746783758487846776667074788379787968
9557784717978776784776677847888776968677376879071768677687773849073876876658977827274
6666565887075686667898767697276747286827671796884707875767387858966877568896976847570
44588837385767170728670898970708386836775668384747668678389787575677968766886898666
6918280856983678668668088836685686668687088686889807871857079806971887078667888878888
883687269816786747669708876666670799085728283708787818671897289769084847780678878
36388768281858282877983897377747670668070758181777380678473759081708974727370667273
25988868684748166718571837488757776856786878665776976776676856776678070796680817089657590
6067866698866687168767489777476668177738671867587726984707976887589896688676765
18790868568677887808485867868746980807266686869866773797984706680847988667375878875
48878878774817466707169858269776869909073808788846972887881818886737875748281786680797675
890677889758776686985826569707090738181817979766775708676666676878088668686827976818885
1868185758377748570687571907785748489847688838970778785677487868582767571706576677876
561668173796688798189748465777689878684808785657274867566867271737987668971658090796671
9337274798488887382829066807472767980838790896673858874788483757587697877797778
11787677071697689787979788769726977758086777171677887876787737381848668656567708786747188
697787567778473866784866989836677668173818979878087686678696683837878788065857275898489
1797784836682697178716684689089787276807670787267798582887187777475897684686988778983
804848169737075887179827667747771797168667589667077658566909089877269897665658675
115828168728588887288737778827080678676908967658888888983809085757182718473717182898974
98974737068686889726671736769758588717775678786818875858578767970687466788672758889
20783847772747571858277777778876782716786778982846889777381698287768966807482747875668184
2258277766872728386656784688777796769737876788676786975876690908783676579838671857166
6058069677673766767877367868378747967807268718580668488747467687867706772877488766878
734717671897780666766728768666675756785896971667565848072778184828775747480768184
13885767874818278807067857678657472866976819066877174686872848876838367846679828867848283
30066787584878276867180817483746878838472827167678581748267658878878090757973818180727379
6468366828166816985876771858186877775668972868071686968858481878676897471828476889071
200656983798372818267698775698374676783667773728078898087878168667580687579708382746682
134898776847769788381847375807584818481738973676870708180878387728379727583867088797081
18171658889657569888870678089727690758377828389667288727372847570687674766989827587
530697084677865866784698876727588797185717481798769827971707983696679718571908472828272
11782707888887085668469668278697171787381778789737477756679817775687083817379868587787386
60488727670726774878274776781807876899070766582797371738487727485827580787176877790867683
57885716579777071869088706566737070856980788569676873707485658276676576837184717187827477
4098687867079897481697081788867827170668277679081738074768474777377716883708568667387
6558667748077797970859083826589837587689086868878788480677187677485847389756973909081868688
532836686808077747986667475718985797187716965858786798075666574817488866878816881
6617584666879856968758287826888828973878582668184768369768581778882777275768770898069
73170888471776866887283818982787379818283738285808890667582867079736675877470848776
61086658774737483699088878968847870847884817983848276678668818689767775868683827668
39077746786757781687771847575897483867885886870858379898175898473868185876769748869
28589877579757182676868878873738469756580908587717889828882737280697869707381776981
379687377757474857266667270847381858173787183796877717489808175707373748668776678838875747867
108896675778971697490888669757385867466676586788974799085828088858274798886778568898174
30186797484756981827476788773828667826581897483897466676866747079857481798975668774686881
601729081798386827184737069808986848385876783896980767579748181806887827170767277736676
1757965677771778289797770887679708581888786877765697878908869696874868988898181737088
5707969877467899071757074718568866766687370707971668988899088856771856784667681737670
8437171678074827767788483896986656688836983818381707777777184747375796782787080
460846987777779666973728077737276667289847069846969728566819090857884706881818684856669
8858675767985677780767475778086788671908390707484718472728874657971876685857368798279
45675777383768984687979798974867780798577697473786870798166847778706784686870777687737985748578
688887182876872747285757374706866808286689067807985868469778587668785828777838977847585
46175868367796778846588668776837678786870657078857768686771736885738178757475758677
30370678783668488718870707668698080838469866785746981786670847985686589737066826575
28969826875726983836788728175788282738788777886678667726871727271788284886983707566906978
32773787769738671758478778880718368658888838477837876857488797276686785828087717371
9458773728076727885748483818776678488678276717477738078818174768566757886778189867171
440667489818870778285787587668968718471806673767784868087828666757376806666687577
391738569868467738576886684857276689083808479718677697770716984838568846985807571
7709080728978878383877185747567808890817476708990807878748971858078747572748373877984
446798974738584857877748283718388708390696976768169727479847971756966777675666669677174
15976887874727169777785858975718379747366798169666586818781718572886572867176756967717477
1737565776887808185668582867870667889706572847369878389698680737077718866728385
126746783787871887479757266836779877190786672876676806869676968846790806789658471818785
4378570897882746784667187696776817766797578806586827478767082668470667788866889818181
298897281866570798086707881797275777277788165667184688968808779906987727178678673657879
293708571667682897780667969676977767973766777826688678472668682868579809080777088768576
590898184838884818784858685867480666676778767897990668983818766737789698573687289
404698789839084698975728066848672787384818572797170798883907687898678878677697590
9957681777670768070757577817067877767748872898469688067816966707265807879718187656781857782
219876779808188846671847084736572888189857381817074768966767288897184826966867571
90079837985868768727783878377837369788866676870678183788771898079668467677469668665776686
3486687778888757276697765717474816788756677808488677177686887698568857382828067
9056777888570708683878179818177709070787077809075847678827975727187907971797078708386
187756676768070806887707769718179836586897065666590867581888388897381898268817569
5728982858976696989847477857180656771808768908988906986877068838081907380728181816772717385
372878174897679728069767482857875898865868988678473697581668168847281848584708185667886
79087757867727386737985757880776879757278766978898477897967868073876765837886867973778966
2967289718265727568786887819089667288717585857390856878667172797168837267746972806782
850898285827482856987677071868488716674898289887988867290698880858175657772868076
3078877857088807987788988737569878879687565898081696677708567838780867687688687
28476778080678686726687806770797479907975878770858875897789838574908680876781766775
1499076678277767777877376657185848773777973858881718374738373738877778682746666858689737379
18383817478668685716583837083817587678079877466778569678690887981878468708586717885816689
385748288708380728367867974758168787775898590828886748368838872808388728372758073757186817789
1978980708384728974677682746769717690768178876785857673818671838872877686668374
808807485847275728167666569727388847170818579877481816867898876827071767777837088828368
5966690906870707669827490798484807474808975738084827369716675878467747778817282668580
176758472698389806680677771877868757787857586826877808283738988807868747480738279
635758471876667827281697583676781808979878277898068848383698587667374726669837282798281677079
8368980776768688871748275868467848577827086677284676670808980877086767668868388698776
6577174848285677068837786868976828866857268676577826780858789797181728181808072896890
4898576748687847874897481687867677969808074838281746876767786676983747390827974867369828687
46485708076687075727668838875718075907982807873848481808774797272827981797670798371838370
30879897777708477867172797471727485738977726785767180848482788471867968688574717479
65166817966697771896888858478798871807666796771686969817183707877727082797467818170687174
381847179756588657873757270687775897888757170667974908282877869868571778768878885
4947888857984898768696675777272718975657484657270887685707370757084667180737775857382748378
946838778827871817383798680808573806666696890738381806689869077767282767569816985908973
82876786673867171697865717271687879657571828377818885897076717574698482677670666869
4418681718979898087728371718869807174777471867482808184856570848486847183676683758186717276778082
4418477707977827276797877898286867969668865739083897069708570767366788175738390737078717185
297768468888087886681826678826990747570736967788377757568869075787971848983887367
31982887189677778836872818485867968808876667874667266768189708478797577738186817887
405738973727071657675898786788382846666757567848968768189707968767971767089698874797882
7598076807868758679747773817775798988777566877777767173807784818289678481658581
825728583837571677668798683856789668481676782818166778579868065837476828090809066777176857166
50765697277777469888365676673736690878168736666877072697785807878658181658174688985
98385697881788176837482667388778783688066696684678073857379867472708970657877896871
77977667683856581897985797587746866738080787788697980797684837088868090676682867673
158878388727567767872907083807168778288687580866777728780658390897671798078876986768089
96988887389819075687682747083877789908187846788897375818779798986827289827368758380
97566776866887869748687777574696971887882687881888875866967888571887386847666776765
9027880698667738486717681718071867870897788748766887685797368736686747382657181667480
184716775657270906984828976848369817680897171687174668578798083777466778568668982808677788669
838898875766989708676896870826977747390686981776686908685818672807871867582718584658566797067
2906777867878807366768866877075768280887280737167856985738680706973676882906685
896676883716974668178728488776677677674848382838877837075748072798966698784758876
2598475897476846875686674817968856570838169697776797081736675857467897278677882848578
1266689798182778474676982728479838385676984867374786880706575818171807273728480757187
5408580718870758090738071897470867086656682818469847787768869867073806686836878888189
32973718286888980827483877769657986837571858878717379747376707486848275808083817670
285847171737179727968797188906786847188867588858773766768717185727470668277887379
28879778084737768818780808676718372669075688880708177818674847682746975807872838583847174
3506681758274888980877774818185778187728181757267718967778268887371757076898686697278
910656881768572728271887967798489698075728766816979698676876669818470706984808189738676
634828582657775708170838989866982768273756677757687898969767668787788847685778576816778
5077682898066807578857985736879719083878368677783727575907870778673877877717386856786718671
211788868787881687983658466767080678567738388898476826987857579737282847273767679807680
9516565849083858077878583748383788584866779838585758068677185738873898685906874
4846775707877668984678878828770818674838786858572808378878488817189847483798187727090
4926773727770707572838171687186768989809067688873886880878475838289756581858583
18578718878887274878382678477817881707373896869697273718775758371699067658669738872
97668748388899075708573768676676570867086827081837782837376727584787470828788907676
71472868177909089808666888583797086707772906874886979817367728181768875699088757385
5277577847273707180898879838083738081667476728776838066788686666775796878776675706571
63579676771697777687968858477717475696783687879847286718572656982846886867988747482
722707980697072718080776586757080698584827284886683816887688877736972797677878368
1266670738285846689878780718085687275866683748467708978727385816789758881707477676875
7106574798182717067807677678490897879728580748678748088797068717068717480787266707175736970