377 788
226 276
425 716
698 733
539 893
654 553
109 546
476 935
750 104
987 106
760 402
819 127
516 542
103 818
595 207
789 950
435 286
366 68
973 957
427 558
979 335
671 359
645 6
140 660
909 14
933 530
334 465
223 711
876 784
271 925
859 65
614 307
372 517
211 820
88 12
633 962
429 832
637 462
72 311
254 537
419 990
964 147
308 810
264 870
304 385
158 320
276 829
573 831
453 257
583 225
447 496
772 744
381 588
228 354
742 290
837 87
161 348
325 364
82 717
436 728
223 239
574 521
714 123
387 860
443 567
766 823
926 923
860 139
103 681
686 891
887 191
403 467
885 171
609 896
824 565
306 479
268 893
982 535
520 570
194 699
569 573
861 287
436 778
803 404
597 374
385 783
21 676
701 609
114 618
59 479
552 775
143 968
202 613
839 514
949 824
903 709
275 983
634 203
680 997
582 496
297 140
51 681
169 821
828 899
747 511
717 582
179 13
992 221
813 296
106 400
268 449
911 185
978 384
899 417
397 795
785 956
355 820
942 603
926 812
224 702
52 370
668 575
301 441
205 636
478 932
877 47
286 219
303 834
180 694
145 807
401 296
377 470
176 187
639 216
897 16
872 828
777 679
307 329
762 196
412 221
756 365
451 225
671 917
897 315
231 435
546 860
730 254
155 322
514 952
462 160
620 255
8 411
764 751
171 822
138 281
50 574
270 704
577 346
888 805
703 592
492 467
718 547
898 582
885 129
609 690
787 512
235 216
951 648
372 613
741 348
506 200
312 569
247 218
296 899
765 642
392 488
534 487
391 24
463 885
280 199
914 883
56 490
94 608
699 601
604 84
910 5
764 830
735 751
743 926
186 356
544 239
470 590
260 697
628 961
683 506
169 415
564 130
314 467
154 25
852 468
132 834
857 691
184 15
640 599
924 320
856 55
508 256
658 916
129 293
640 208
448 679
42 336
21 996
813 62
115 988
204 700
984 770
27 947
784 549
918 740
749 318
294 982
956 29
454 311
355 261
23 475
548 607
521 484
645 591
145 629
317 149
677 583
328 708
540 746
975 850
96 848
276 699
869 254
975 761
516 491
853 309
285 757
529 463
768 385
849 487
637 441
275 970
75 874
196 905
670 575
921 230
275 54
653 582
996 205
476 557
216 928
484 419
787 957
283 257
244 699
198 376
794 553
481 421
566 253
739 12
974 708
991 556
665 343
434 627
188 882
78 40
873 29
249 10
94 208
478 907
710 533
211 503
927 439
609 943
229 230
600 179
28 171
615 271
923 119
805 915
467 117
676 702
419 287
394 503
238 47
262 374
895 836
617 503
168 126
723 154
185 708
958 783
694 854
800 969
314 609
58 798
557 614
294 618
886 29
382 293
203 381
700 950
316 717
789 822
444 351
169 989
750 942
943 24
5 822
67 837
238 814
600 446
669 997
447 803
704 826
792 656
3 199
687 779
700 912
80 825
329 94
601 405
717 94
594 944
924 177
61 524
491 775
765 63
393 756
587 500
118 245
296 953
114 634
609 184
193 197
398 89
559 95
30 172
805 983
966 43
90 788
93 385
453 436
732 791
283 498
475 396
992 430
511 885
532 827
759 885
994 745
751 919
340 322
766 602
903 732
715 884
90 879
946 15
571 750
735 38
948 701
258 828
685 416
408 522
623 796
169 963
266 262
770 800
221 922
79 739
679 89
825 343
993 125
116 410
221 646
729 69
160 275
348 324
296 724
685 268
404 26
2 270
603 718
581 88
767 292
92 997
292 767
473 976
299 330
37 459
21 525
506 713
70 387
932 308
550 264
662 577
478 750
581 958
912 98
523 312
392 905
276 879
446 10
220 329
409 48
31 18
396 536
439 346
675 346
848 135
743 216
823 683
150 736
145 378
592 341
834 638
381 292
477 747
108 517
914 824
318 442
278 611
262 680
220 216
495 686
632 357
927 745
285 372
812 146
986 173
893 652
56 986
380 599
25 443
52 937
920 429
403 416
744 505
453 791
416 792
855 499
414 285
618 348
115 157
372 24
690 228
45 888
810 567
587 710
486 392
788 691
878 645
156 766
474 693
496 209
601 786
272 398
625 629
271 752
436 973
653 597
506 947
638 46
989 374
892 589
626 755
489 514
135 757
933 637
809 873
281 854
226 970
412 236
886 689
280 593
119 950
640 818
135 296
339 518
568 420
86 40
744 524
932 507
947 924
172 379
463 980
412 335
410 216
596 996
969 472
636 379
437 5
501 874
874 695
14 116
272 828
831 604
332 984
23 341
960 298
50 684
348 561
348 725
434 366
89 318
493 369
234 673
476 652
644 744
161 415
451 778
469 207
319 406
104 620
632 761
122 499
462 81
360 21
544 121
500 638
64 8
595 190
758 53
877 241
236 321
849 194
317 807
686 13
411 350
15 707
358 977
105 365
747 404
93 736
244 129
956 300
417 578
400 416
79 938
821 396
345 524
187 812
32 167
724 477
998 877
208 799
500 756
48 812
859 651
908 983
296 888
329 495
531 684
311 600
801 803
897 288
280 954
795 233
978 646
513 592
16 924
476 647
230 151
115 74
473 285
984 734
836 50
88 967
269 282
145 694
769 968
993 733
776 902
51 791
81 779
131 932
349 990
312 579
222 202
104 266
185 937
951 733
517 213
802 301
799 154
125 719
879 412
776 934
529 138
772 107
874 416
418 944
336 73
214 312
390 811
544 496
410 41
825 456
151 355
811 918
799 950
507 949
264 585
394 225
830 470
475 549
604 686
902 392
205 465
854 684
469 959
957 103
694 118
281 675
173 390
839 120
188 189
808 44
224 858
906 711
111 372
445 927
11 188
107 28
865 800
782 302
129 819
233 773
950 541
289 944
862 343
470 730
705 500
995 91
971 806
620 551
464 19
481 851
790 185
455 403
735 874
592 800
620 985
965 401
678 147
582 701
701 668
338 353
665 251
966 358
820 665
962 562
780 387
505 613
15 7
587 158
523 30
688 375
327 636
733 812
119 552
30 516
584 796
282 385
664 877
648 769
404 596
68 609
493 799
978 285
519 671
106 648
873 407
484 352
195 121
494 940
588 664
232 98
298 828
85 967
976 129
926 159
658 195
343 397
93 69
103 0
290 720
11 860
502 355
541 621
52 182
694 52
966 712
545 357
818 119
703 729
206 210
163 442
453 222
214 899
22 775
992 661
180 397
713 861
454 157
226 417
740 751
453 381
804 902
241 707
962 666
524 519
464 232
826 394
264 96
684 762
632 960
553 305
212 699
261 575
309 405
626 691
618 971
809 105
928 855
245 287
556 977
576 858
3 196
891 355
949 394
937 946
924 794
347 496
203 160
171 896
983 679
823 91
16 612
222 541
899 709
22 462
502 348
669 876
411 802
899 838
493 406
21 919
886 637
549 666
412 871
992 114
219 498
343 475
253 66
85 831
277 487
774 708
994 625
618 91
194 972
339 565
231 7
22 802
774 23
109 110
586 655
640 185
160 259
791 480
241 425
401 795
289 95
375 626
165 588
533 365
714 426
703 653
537 447
561 293
281 172
186 482
228 54
89 168
384 495
671 432
76 631
845 156
783 949
400 870
770 763
437 806
665 201
357 293
942 386
24 655
580 585
510 469
40 110
922 613
667 311
331 811
785 101
99 14
639 928
925 218
403 799
638 40
214 437
808 935
826 462
95 500
684 464
323 778
287 927
554 504
337 718
814 551
690 264
867 210
370 76
538 22
604 120
356 221
467 314
803 446
305 918
151 755
282 642
475 1
782 18
588 973
799 533
90 847
289 978
427 497
601 133
73 329
228 539
648 612
398 714
131 109
749 339
702 995
147 197
657 506
755 153
8 970
828 245
467 914
654 602
131 497
992 33
759 386
955 730
532 667
13 8
901 808
454 639
920 582
887 507
579 524
248 963
294 727
785 786
115 102
272 407
683 352
210 440
202 305
328 992
687 142
806 977
330 779
221 775
401 442
407 9
55 25
256 142
722 752
506 423
707 677
556 176
492 209
372 156
671 856
460 769
444 249
249 419
647 42
25 487
446 981
946 249
758 111
278 81
801 880
487 304
243 78
162 105
277 763
926 465
357 323
34 882
482 194
397 543
606 220
79 789
950 156
870 847
211 991
66 463
745 272
606 501
475 593
529 436
132 602
661 570
271 647
440 850
880 782
663 776
311 710
39 835
701 270
997 356
986 223
700 960
143 441
112 683
724 988
580 177
83 752
204 375
891 559
126 247
690 794
211 617
953 618
635 417
116 891
903 999
331 946
389 932
189 632
283 284
807 36
45 37
839 196
164 979
865 492
865 355
499 134
279 210
487 291
369 92
636 601
502 666
857 43
311 708
651 361
792 619
290 966
942 241
389 123
778 776
862 391
36 2
917 835
935 464
691 886
252 119
660 596
549 697
682 617
641 423
160 984
770 269
923 534
442 708
643 890
2 188
874 575
393 65
849 58
371 84
992 527
884 452
71 562
697 862
466 895
259 558
342 86
66 455
784 474
174 707
507 234
928 591
132 652
526 495
924 18
604 615
854 928
195 304
188 973
20 769
921 557
284 74
897 527
91 43
423 219
588 191
236 692
785 701
566 247
484 793
669 448
587 203
2 520
658 830
470 450
638 406
337 470
264 421
867 534
265 27
944 980
682 18
246 535
493 225
279 44
522 561
715 421
989 294
87 990
227 263
575 350
394 344
154 889
962 265
644 303
614 380
173 735
776 198
521 802
445 562
972 778
903 607
2 779
258 615
443 208
401 241
777 283
926 574
679 210
797 760
770 549
188 613
418 252
537 476
701 883
460 331
270 722
533 645
930 150
163 717
860 470
130 242
454 786
425 409
159 793
348 779
598 846
116 942
643 779
852 867
211 315
402 3
608 546
536 912
589 432
0 577
360 679
814 33
200 883
38 631
892 355
509 291
535 693
876 517
314 59
251 329
174 223
108 747
946 52
942 484
497 298
214 380
839 893
868 914
895 862
519 907
172 744
410 340
68 173
702 477
62 246
554 429
452 241
356 357
657 500
749 157
844 851
42 57
28 115
657 759
305 674
218 585
463 339
722 889
54 502
58 162
77 246
275 688
326 122
720 902
826 884
39 9
347 661
825 341
183 995
193 52
746 263
420 52
223 323
722 185
206 342
45 798
488 657
985 815
458 322
706 347
509 590
170 714
459 358
360 346
389 747
35 173
430 630
255 605
365 214
465 98
510 976
374 666
414 173
610 631