79 98
79 38
38 65
98 26
98 84
98 105
98 100
98 11
26 8
11 96
8 51
8 45
45 91
45 95
45 24
45 109
65 86
65 31
65 47
65 3
65 36
91 97
91 82
91 7
91 55
55 57
51 44
51 5
105 33
105 16
105 69
105 74
100 81
100 14
47 40
31 88
31 78
31 2
31 19
69 49
69 92
69 9
16 10
16 18
16 37
95 50
95 39
95 104
92 4
92 6
92 73
49 17
49 13
49 71
49 101
57 87
57 42
57 35
57 77
36 53
5 29
77 25
77 106
33 46
33 85
81 64
81 67
81 83
81 90

1 49 91
1 51 5
2 47 6
1 38 2
2 37 50
3 57 5
1 55 13
1 47 18
1 109 19
2 42 51
3 77 55
3 35 100
2 7 71
1 45 16
3 85 31
3 84 14
1 95 53
1 44 11
3 69 37
1 39 49
2 3 87
2 106 85
2 8 16
2 35 40
3 3 65
2 18 2
1 100 35
3 78 47
2 3 45
2 14 19
1 53 91
3 69 19
1 69 78
2 51 46
2 6 11
2 87 46
3 36 81