20 15 9 s
19 13 3 i
18 28 12 s
17 1 13 i
16 29 13 i
15 28 10 s
14 1 8 i
13 29 7 i
12 22 6 i
11 26 6 s
10 22 14 i
9 6 7 s
8 24 6 i
7 20 10 i
6 25 4 i
5 21 5 i
4 29 9 i
3 5 6 s
2 22 14 i
1 24 10 i
0 13 13 i
29 13 3 i
28 18 9 i
27 7 9 s
26 25 13 i
25 28 9 s
24 3 14 i
23 9 6 s
22 19 4 s
21 19 10 s
20 16 2 s
19 26 12 s
18 1 10 i
17 22 14 i
16 22 5 i
15 29 4 i
14 6 11 s
13 26 8 s
12 24 4 i
11 8 10 s
10 1 12 i
9 27 5 s
8 27 11 s
7 6 6 s
6 9 6 s
5 16 8 s
4 3 8 i
3 9 13 s
2 26 11 s
1 16 8 s
0 12 8 s
29 15 5 s
28 29 4 i
27 17 5 i
26 24 10 i
25 2 10 s
24 2 12 s
23 28 12 s
22 11 4 s
21 12 9 s
20 9 12 s
19 29 12 i
18 20 6 i
17 29 4 i
16 28 7 s
15 7 5 s
14 19 14 s
13 17 7 i
12 13 11 i
11 15 4 s
10 6 13 s
9 12 7 s
8 0 12 s
7 29 13 i
6 15 9 s
5 14 13 s
4 20 15 i
3 21 9 i
2 12 9 s
1 23 13 s
0 29 6 i
29 5 11 s
28 26 10 s
27 28 14 s
26 16 6 s
25 17 4 i
24 23 10 s
23 20 13 i
22 8 9 s
21 1 8 i
20 27 7 s
19 8 13 s
18 24 12 i
17 3 7 i
16 1 14 i
15 30 10 s
14 9 8 s
13 24 12 i
12 11 3 s
11 23 6 s
10 24 13 i
9 28 8 s
8 7 4 s
7 4 6 i
6 21 8 i
5 2 5 s
4 19 5 s
3 13 7 i
2 20 3 i
1 10 5 s
0 7 6 s
29 27 2 s
28 25 9 i
27 22 8 i
26 18 8 i
25 8 11 s
24 4 4 i
23 13 5 i
22 26 5 s
21 17 9 i
20 29 5 i
19 23 14 s
18 14 5 s
17 9 5 s
16 26 13 s
15 3 7 i
14 29 8 i
13 16 3 s
12 3 4 i
11 7 9 s
10 26 14 s
9 1 5 i
8 22 4 i
7 12 3 s
6 26 3 s
5 18 4 i
4 13 8 i
3 12 8 s
2 9 4 s
1 13 13 i
0 25 15 i
29 6 10 s
28 9 14 s
27 30 4 s
26 3 4 i
25 13 5 i
24 11 4 s
23 10 12 s
22 6 10 s
21 2 3 s
20 8 3 s
19 11 12 s
18 2 10 s
17 16 11 s
16 23 12 s
15 4 13 i
14 17 2 i
13 19 11 s
12 7 13 s
11 16 9 s
10 8 2 s
9 19 4 s
8 20 4 i
7 2 10 s
6 28 5 s
5 29 12 i
4 10 13 s
3 25 5 i
2 19 6 s
1 19 9 s
0 21 9 i
29 26 15 s
28 5 7 s
27 2 10 s
26 17 5 i
25 9 11 s
24 28 10 s
23 2 12 s
22 14 12 s
21 14 13 s
20 17 13 i
19 9 10 s
18 12 3 s
17 12 2 s
16 9 13 s
15 20 14 i
14 23 4 s
13 18 4 i
12 5 9 s
11 20 3 i
10 28 9 s
9 10 14 s
8 16 11 s
7 16 11 s
6 10 14 s
5 15 13 s
4 7 7 s
3 27 12 s
2 27 4 s
1 17 4 i
0 24 8 i
29 3 11 i
28 23 8 s
27 4 13 i
26 5 4 s
25 20 7 i
24 7 7 s
23 5 13 s
22 29 4 i
21 15 8 s
20 24 12 i
19 2 2 s
18 10 10 s
17 14 2 s
16 27 11 s
15 23 14 s
14 26 8 s
13 2 6 s
12 30 7 s
11 12 13 s
10 20 7 i
9 21 11 i
8 1 5 i
7 23 10 s
6 8 5 s
5 3 13 i
4 28 13 s
3 17 10 i
2 1 12 i
1 2 4 s
0 27 3 s
29 30 11 s
28 12 12 s
27 14 6 s
26 15 5 s
25 10 13 s
24 9 4 s
23 22 3 i
22 16 5 s
21 24 6 i
20 10 13 s
19 28 9 s
18 26 11 s
17 25 6 i
16 18 12 i
15 13 7 i
14 5 3 s
13 28 7 s
12 18 7 i
11 21 9 i
10 23 14 s
9 18 15 i
8 4 9 i
7 26 5 s
6 1 3 i
5 11 12 s
4 21 5 i
3 23 15 s
2 3 2 i
1 27 5 s
0 6 4 s
29 19 6 s
28 24 11 i
27 5 13 s
26 8 3 s
25 18 6 i
24 6 4 s
23 17 11 i
22 17 10 i
21 8 6 s
20 28 13 s
19 5 6 s
18 25 7 i
17 0 2 s
16 21 8 i
15 1 5 i
14 7 13 s
13 23 7 s
12 28 11 s
11 3 12 i
10 21 6 i
9 22 14 i
8 5 4 s
7 9 8 s
6 2 6 s
5 9 2 s
4 14 11 s
3 29 13 i
2 5 4 s
1 11 13 s